add x5,x6,x7
 007302B3
addi x15,x1,14
 00E08793
add x5,x15,x5
0000 0000 1111 0010 1000 0010 1011 0011
0    0    F    2    8    2    b    3
subtraction
sub x15,x15,x6
0100 0000 0110 0111 1000 0111 1000 0011
4    0    6    7    8    7    8    3
load 
lw x15,4(x6);
0000 0000 0100 0011 0010 0111 1000 0011
0    0    4    3    2    7    8    3
add x0,x0,x15
0000 0000 1111 0000 0000 0000 0011 0011
0     0    f    0    0    0     3   3
store
sw x5,4(x15) s type
0000 0000 0010 1011 1101 0010 0010 0011
0    0    2    b    d    0    4    3 
but here we need to implement this like R type
sw x5,0(x15)
0000 0000 0000 0111 1010 0010 1100 0011 
0    0    0    7    b    2    d    3
lw x5,0(x15)
0000 0000 0000 0111 1010 0010 1000 0011
0    0    0    7     b   2    8    3
beq x5,x6,4
0000 0010 0101 0011 0000 0011 0110 0011


0000 0000 0111 0000 0000 0010 1011 0011
0    0    7    0    0    2    b    3
0000 0000 1110 0000 1000 0111 1001 0011
0    0    e    0    8    7     9   3
0000 0000 1111 0010 1000 0010 1011 0011
0     0   f    2    8     2    b    3
0100 0000 0110 0111 1000 0111 1011 0011
4    0     6   7     8    7    b   3
0000 0000 0100 0010 1010 0111 1000 0011
0    0    4     2    a   7     8   3
0000 0001 0000 0000 0000 0000 0011 0011
0    1    0     0   0    0    3    3
0000 0000 0101 0111 1010 0000 0010 0011
0    0	   5   7     a   0     2   3	    
0000 0000 0000 0111 1010 1000 0000 0011
0    0     0   7    a     8    0   3
0000 0000 1111 0010 1000 0111 1011 0011
0    0     f    2    8    7    b    3
0000 0000 1111 0010 1000 1111 0110 0011
0    0     f    2    8    f   6    3
 